1 12.924341
2 16.440956
3 13.923806
4 18.43988
5 6.96461
6 10.999465
7 12.924351
8 10.777362
9 3.633071
10 17.033241
11 17.477432
12 13.923806
13 15.108349
14 11.554725
15 18.810059
16 13.331539
17 17.366379
18 16.144827
19 17.958664
20 20.29073
21 13.960816
22 16.885166
23 15.996762
24 18.587952
25 12.739267
26 9.777894
27 13.738723
28 21.438251
29 9.444756
30 20.623886
31 19.328283
32 10.888413
33 9.481769
34 18.513914
35 19.032154
36 10.962446
37 12.480143
38 14.29398
39 18.180763
40 18.40287
41 16.218861
42 6.668472
43 19.328283
44 12.184011
45 9.370724
46 17.736553
47 13.849768
48 15.18239
49 15.256422
50 14.145903
51 12.887328
52 15.589573
53 6.26129
54 20.105646
55 15.293435
56 8.630365
57 9.222638
58 11.961907
59 14.738191
60 16.107807
61 10.703321
62 19.18022
63 15.552551
64 15.959734
65 7.593896
66 12.591185
67 19.365299
68 14.738182
69 12.517159
70 18.587944
71 15.108349
72 10.777362
73 19.439335
74 21.956486
75 14.145912
76 3.188878
77 17.070244
78 20.73494
79 14.849233
80 16.737091
81 11.406642
82 11.443658
83 16.32991
84 19.18022
85 14.81221
86 17.218317
87 7.297768
88 16.848148
89 13.257502
90 15.108349
91 5.039728
92 17.958658
93 20.142662
94 18.624954
95 5.48393
96 15.18239
97 17.995678
98 13.664688
99 17.033222
100 17.366373
101 18.550941
102 17.995678
103 10.814384
104 17.36639
105 18.773029
106 13.886787
107 17.810585
108 12.887328
109 18.217768
110 15.626586
111 13.886778
112 13.849774
